Length: 0

{
	m_mesh:7
	m_pos:74.626289 150.973099 14.557844
	m_shader:0
	m_scale:0.250000 0.250000 0.250000
	m_rot:0.500000 0.500000 -0.500000 0.500000
	m_hasParent:1
	m_damage:10.000000
	m_delay:0.500000
	m_range:300.000000
}

