Length: 0

{
	m_type:3
	m_mesh:7
	m_pos:-25.934381 0.358199 23.394621
	m_shader:0
	m_scale:0.250000 0.250000 0.250000
	m_anchor:0
	m_rot:0.293464 -0.700328 0.643334 0.097677
	m_relPos:2.000000 -2.000000 4.000000
	m_hasParent:0
	m_damage:0.000000
	m_delay:0.000000
	m_range:0.000000
	m_droped:1
}

