Length: 1

{
	m_type:3
	m_mesh:7
	m_pos:-28.108986 1.026669 30.738861
	m_shader:0
	m_scale:0.250000 0.250000 0.250000
	m_anchor:0
	m_rot:-0.196248 -0.726223 0.617039 -0.230974
	m_relPos:2.000000 -2.000000 4.000000
	m_hasParent:0
	m_damage:0.000000
	m_delay:0.000000
	m_range:0.000000
	m_droped:1
}


