Length: 0

{
	m_type:3
	m_mesh:7
	m_pos:-32.136585 6.960001 2.352353
	m_shader:0
	m_scale:0.250000 0.250000 0.250000
	m_anchor:0
	m_rot:0.685911 0.197818 -0.171831 0.678873
	m_relPos:0.000000 -1.000000 4.000000
	m_hasParent:1
	m_damage:10.000000
	m_delay:0.500000
	m_range:300.000000
}

